13.273196309768228
13.962542954949017
12.655987943385544
12.943160439582323
13.841728461623536
13.645592585703898
13.92493360932412
13.494866796478826
14.175843366885532
11.979720615388185
12.643742904233116
13.93618963367333
14.11701825459681
14.910074954769112
13.030144953382765
13.507264584053955
14.191152841241285
14.554101178105167
13.156495944025357
12.86020078085363
13.618094554849035
13.105883727629204
13.03774307538092
13.104748090628407
14.04883063567314
14.308859552513837
12.4718066494197
13.026313255221492
14.20313938343922
13.40642806635208
14.016499522864292
12.940741057615542
14.488537094222771
12.636569356485783
13.794888213612282
14.830165356350935
14.317668670191008
13.633400965817339
13.506150890283484
13.379002213336612
14.1162173390549
14.363299192694525
13.396159766760265
13.726563817728756
14.447238106317853
12.865894729356793
14.249686993603568
13.207810912830416
14.164265938437183
13.201412833603245
14.964550281149192
13.540865590095665
15.354640239999584
12.568679404229776
13.383742271892858
13.62262432510621
12.93233851273473
14.216497692509762
12.93976758446529
13.968867798091745
14.074962445258876
13.620008485961279
14.362541951773569
14.579852491940608
14.167507881252833
12.653553771152016
14.072920059216512
13.284770547760804
13.106840195410145
15.240514763518682
12.422336179475938
13.465459889860304
14.185257818249934
12.979799557482547
14.859482936559147
14.37065835838728
14.498265477311229
14.115640692385238
13.69978656041818
13.140611284582361
13.57508276828932
14.189777158497597
13.218075092734344
14.689691933900633
12.791972638947833
13.09869927251673
13.07360137899701
14.109831769248055
13.026748794576902
14.009493460103254
12.934895373283528
13.065739825836935
13.218891398143972
13.825506118145814
13.781325657799798
15.037836524768094
13.194360575202145
12.245021570881269
13.844483835166502
13.251689900490355
12.462057320027181
13.043237958949456
13.157899184933827
13.434153261679706
13.452159844046573
14.65092498484924
13.072117103499655
13.433797095701529
12.522351266482575
13.460799992215957
13.131942386029106
13.756111662355595
14.023854668147386
12.770533637184528
14.107776962846831
14.251870967882184
13.957800543893802
14.705492178885194
13.209069206220322
13.27250034133929
12.530599228639073
12.311029631758299
13.535798171221671
14.407108210333837
13.776548217877998
12.524088951963764
13.016655655918012
12.998981804101922
13.25070670801616
12.256694868652588
13.88152432685843
13.045796652050734
14.369167576914789
14.007136864759113
13.444890544691015
14.117696693273013
13.762945064080384
13.465049333842835
14.526691043927405
13.986413469327376
13.457274395189057
14.209366404811053
12.23576874024018
14.526736464054641
13.79012639578152
14.193096083174254
13.791439985116247
12.937244146098294
13.031257422243405
13.36999613918089
13.583747744347358
12.341701442123664
13.625480154946365
13.102794232191943
12.960593848976957
14.276068318847557
14.088481835757424
12.894476142523605
14.258599041022496
13.7049882587399
13.696221850240859
13.541359949510511
14.007888633876115
13.174185325891768
13.706112826740398
13.354366094069865
13.7077459555742
13.732850865907814
12.576335151287687
14.518778918802118
14.241567821795416
12.742272793708047
13.40515566022059
13.09663891613634
14.326542713907843
13.285708146983646
14.905953198770126
13.842381807789344
12.58198934081812
13.033686485813385
12.367003379598144
13.498614564230916
13.711097407634055
14.35182304128283
14.047134373764203
14.20890693069008
12.982293844250423
15.276983292258816
13.58333315201765
12.349626687126346
13.601541956577991
13.912935959503411
13.428889974518745
13.20817742872359
13.086658050219642
15.010497575280173
13.93523801021024
13.532061861882417
13.168293592134768
13.947456610573974
13.277217036346107
14.07582177864054
14.954231323738856
13.499712976980941
14.1957867501192
13.554976082047595
14.146568885860995
11.905895275391742
15.458712839359444
13.914959752347096
12.970061822927446
13.59256811785281
13.377777166452473
13.415210130808134
13.7632435433006
14.032977715868814
13.413094871886246
14.719811119675757
13.728396696479601
13.215700519156263
13.367952061501214
13.394978738051169
14.061816881312065
13.027588143446476
13.132507912916221
14.585262295146343
11.690500679140788
13.791126173153037
13.483221784719499
13.078002713358481
12.866718311002206
13.472502094416734
14.138608089406166
14.17866940001412
13.44969220799244
13.726014287716307
13.251409763379856
13.25046783256366
13.737059905546058
14.04685908452934
13.557093947873165
13.692964536508685
12.732397032140701
12.725944084999496
13.217530320643858
13.758963926967917
13.76014024214512
14.235314663590815
13.860892687607754
14.777006917782389
13.384366681513502
15.302648960992235
13.962005234580797
13.360133936483326
15.026712436543193
13.047853377262404
12.962980064820995
14.36995761769763
13.835078425312583
12.879545580105685
13.769042312964524
14.247392402777328
12.455653387233106
14.031739358254288
12.581339265315865
14.12942551015194
12.960345566904643
12.63504496430362
14.21962336622807
12.811539092664821
12.489520576176666
12.694748387795222
14.303895379974266
12.983731089041806
12.656858470440241
13.186852965721101
13.016030852541794
13.947717071075788
13.778906578056628
14.019554742263463
12.251661342177844
14.47300182362258
13.659765347131517
13.749600831936167
13.793568037778716
14.234848381590979
13.532727772210041
13.835513357620838
13.702747433524513
13.006002841892327
12.942489199971634
12.490389259668019
12.5881741931449
13.823282089619543
13.283096021447372
14.559536895831156
13.612410302545728
13.102547704061713
14.116569406290168
13.049471757881676
13.59035519394798
13.866084889450589
13.648348413320958
13.941942025392226
13.263585656175982
12.90829118633249
12.684741014052062
13.590851803399023
13.935635650293463
14.378926479709513
14.049777136389281
14.377824555357472
13.50092173908069
13.087689033760096
13.844754991561102
13.504332624798906
13.482530319517469
12.773020281548597
13.218545405730957
13.780923841520066
13.840753010174344
14.700766070520501
13.220322495804496
13.229459440474315
13.071472955210028
12.845282611521563
13.584337433940536
12.916127468013196
12.940247169131851
13.102283338613866
13.473693603658775
13.919768026995502
12.607315581737643
13.85501944987076
13.030030411634552
14.42703573307877
13.465257899614656
13.35391190264881
13.868371271210554
15.053114821669405
14.44984730237003
13.588872568767824
13.08801108779161
15.221779309659585
14.144234792930522
13.223259479063099
13.422428909734421
13.596142846375828
13.986380550605052
13.826688538641537
13.927168783666929
14.372884834308692
13.656087967274988
14.733626555933109
12.784549043503782
13.663554194632649
13.078233411452759
14.167798990655747
13.644074477404882
13.198769307324993
13.888189471080915
13.160810080448877
13.741531726540194
13.356916913873773
13.626280581533889
13.519233241505876
12.854742764758155
13.790136557003864
13.117341447631114
14.129537186939109
13.200755814664586
14.184760642296371
13.409090650575775
14.32888555375379
13.817528339212279
14.356593363925361
13.502294796679562
13.455790794304423
13.7231495399271
12.8689272269386
13.827248648742275
13.238627433311128
13.409109828065551
13.752715206100934
13.769610434286822
13.51301357605418
12.230593455276415
13.89425362050669
13.063935064882687
12.273038292606195
13.755391488944673
13.69623740778848
13.647030113948235
13.850404267141602
13.921721520012413
14.26207805519087
13.160174435962876
13.3490631365985
12.857973382158006
12.939049331075946
13.989890686372629
13.279994719838667
14.0385114253662
13.157143162275226
14.003741007854632
13.773452302082669
13.46459980743456
14.045001537524215
14.692508889424996
13.037542628042042
13.6899790810621
13.403057138313969
14.020233741488083
12.843556119114663
13.579022478431336
13.162554756381278
13.18732454645011
12.516628887609366
12.605887364331966
13.755717731553514
13.289411036019757
14.262348726287755
13.035902499624274
13.351843746414666
14.947036535805244
13.315716714861058
14.204656371177148
13.593921921344252
12.766150762028031
13.129648051578418
13.70691795539825
12.96543604643938
13.863269621849598
14.272337205806323
14.283182382317078
12.952794420678867
13.749821861188869
13.947201875692105
13.704844262463892
12.26290978789007
13.686348178816605
12.584831639696393
12.927227720010587
13.534158945491312
13.494866215911271
13.61959560382776
14.023458934679748
14.349590338238587
14.35401656932233
13.027570040025271
14.15013014121715
13.460721928281753
14.897639277726896
13.834095542417252
13.649725125107212
12.881524340319435
14.328177807364309
12.616571820984758
13.460950192625907
12.702013570301856
13.292640350225456
13.971536809088375
13.465739564528358
13.0814787385972
13.743926110633673
13.785292805199125
14.06390032760585
14.496754290112065
13.253801455666956
14.187342416924718
13.457335349290128
13.949239589228648
13.068030356116722
14.163741772535149
14.09034179845231
15.185712884588204
12.861566420678061
13.660889734494178
12.574532228588362
13.44981028723006
12.773441593573688
14.591525755687117
14.18121224747175
14.20917807524064
13.47875633450145
13.782158788662171
13.15804574724665
13.463671533714992
12.299984994873212
14.017707021541094
13.529421862185233
12.68089508952567
14.361695715521911
14.072089493759012
14.437116657683427
13.15744468591123
14.886768367273547
13.585237063431396
13.888497403418663
12.809393150378442
13.956694045409087
14.270694619235217
12.732034115181365
14.774902702511195
13.938988657240722
14.171317051185417
13.409293071759077
13.350906869830096
13.790576479849731
14.00455653534898
13.565689521785211
12.84127747886951
14.4275238447866
14.865174713799163
14.030778022725352
13.38218951124601
14.62836256210711
13.28093429465303
14.151229789240897
13.763656897992506
13.08493612213605
13.264030315897868
13.406615747074664
12.969227873108574
12.998075176569378
14.288398595560386
13.397463807490649
13.535749599433835
13.688215570479564
13.434871002535944
12.5813303967171
13.61740528605399
12.980813461954506
14.67023981482725
13.398936343569927
13.562659621561725
13.485877151040771
13.489386219064427
12.28531004691588
14.123020311336008
13.019602780951265
14.369031847629833
13.485475212722397
13.940877466160845
15.16857273810976
14.176897612349517
13.52311715798915
13.824929041791615
13.851784998693434
12.942596171765246
13.561872148590925
12.875809599237341
14.813422359214949
13.758628613864428
14.330897799673302
14.739531113562398
14.058818700062217
14.859219119036851
12.812617602415118
12.339359771250695
14.559565198466736
12.736557296020079
